21.47 16.18 37.12  -->1
20.58 14.11 42.27  -->1
8.25 20.25 47.93  -->1
13.79 17.81 41.29  -->1
10.27 13.09 43.25  -->1
7.04 4.68 36.65  -->1
17.72 3.16 45.52  -->1
13.15 4.69 44.34  -->1
44.13 42.46 4.54  -->2
33.02 31.89 4.32  -->2
35.64 27.54 4.58  -->2
29.49 44.93 1.8  -->2
21.41 37.87 3.43  -->2
25.91 30.64 17.25  -->3
18.33 47.02 21.33  -->3
12.84 44.43 21.0  -->3
15.13 37.48 15.3  -->3
23.36 41.18 14.05  -->3
16.84 45.52 9.3  -->3
19.92 47.25 11.4  -->3
19.39 46.12 10.7  -->3
31.87 47.31 17.33  -->3
35.58 47.97 22.83  -->3
23.76 49.22 29.06  -->3
23.14 42.26 25.88  -->3
25.23 43.2 30.36  -->3
29.44 40.24 23.8  -->3
24.38 36.04 22.49  -->3
15.66 36.64 43.06  -->3
12.43 48.35 35.43  -->3
17.33 45.96 35.48  -->3
3.63 46.48 30.18  -->3
6.5 47.1 24.54  -->3
4.1 32.3 38.64  -->3
3.77 30.63 33.39  -->3
18.36 29.33 24.35  -->3
9.94 30.36 26.22  -->3
8.08 34.28 26.69  -->3
38.41 24.82 49.95  -->4
34.16 32.38 48.72  -->4
28.99 25.38 42.08  -->4
25.58 27.49 50.79  -->4
47.54 19.67 44.22  -->4
49.34 17.8 38.25  -->4
32.46 15.44 45.06  -->4
38.13 6.7 42.23  -->4
36.37 8.74 39.66  -->4
36.95 5.77 38.72  -->4
41.08 5.69 44.36  -->4
40.85 10.0 42.35  -->4
35.58 8.31 49.82  -->4
39.36 12.82 46.12  -->4
43.0 12.54 49.77  -->4
40.9 50.98 33.4  -->4
40.88 50.35 27.96  -->4
45.75 35.95 30.6  -->4
48.05 34.52 34.77  -->4
37.08 33.53 35.0  -->4
39.89 28.69 41.54  -->4
42.89 39.21 42.83  -->4
50.08 32.23 44.69  -->4
40.92 37.51 24.12  -->4
41.6 32.51 19.55  -->4
45.29 24.7 30.97  -->4
50.0 20.84 21.9  -->4
26.89 21.32 32.22  -->5
24.95 21.42 31.6  -->5
17.15 21.16 28.78  -->5
21.9 17.53 25.31  -->5
21.33 22.59 24.39  -->5
21.5 10.2 13.95  -->5
28.1 6.6 17.81  -->5
25.83 8.68 17.91  -->5
26.64 8.68 20.28  -->5
14.21 12.14 23.84  -->5
13.97 17.16 22.08  -->5
18.33 6.6 29.36  -->5
20.46 7.5 23.32  -->5
5.93 3.01 10.07  -->5
5.01 15.32 10.46  -->5
4.05 10.3 21.69  -->5
4.84 23.65 14.56  -->5
3.47 25.79 15.24  -->5
2.0 30.94 9.89  -->5
6.66 31.74 13.08  -->5
12.21 20.76 3.79  -->5
17.94 21.39 15.09  -->5
21.47 20.61 7.48  -->5
17.68 25.62 7.81  -->5
21.38 28.37 6.46  -->5
43.18 3.29 21.1  -->5
35.11 10.96 24.17  -->5
40.06 11.11 27.32  -->5
40.36 14.88 25.18  -->5
50.87 10.04 15.26  -->5
48.01 13.78 9.4  -->5
36.05 11.91 8.6  -->5
37.45 15.86 16.41  -->5
22.63 3.2 4.11  -->5
37.48 5.2 2.31  -->5
