21.50 10.20 13.95 
25.83 8.68 17.91 
21.90 17.53 25.31 
35.11 10.96 24.17 
38.41 24.82 49.95 
16.84 45.52 9.30 
36.37 8.74 39.66 
23.14 42.26 25.88 
40.06 11.11 27.32 
5.93 3.01 10.07 
25.91 30.64 17.25 
19.92 47.25 11.40 
25.23 43.20 30.36 
44.13 42.46 4.54 
18.36 29.33 24.35 
50.87 10.04 15.26 
2.00 30.94 9.89 
17.68 25.62 7.81 
31.87 47.31 17.33 
21.47 16.18 37.12 
42.89 39.21 42.83 
5.01 15.32 10.46 
20.58 14.11 42.27 
29.49 44.93 1.80 
22.63 3.20 4.11 
40.92 37.51 24.12 
17.94 21.39 15.09 
8.25 20.25 47.93 
28.99 25.38 42.08 
40.36 14.88 25.18 
19.39 46.12 10.70 
45.75 35.95 30.60 
41.60 32.51 19.55 
50.08 32.23 44.69 
37.08 33.53 35.00 
33.02 31.89 4.32 
15.13 37.48 15.30 
9.94 30.36 26.22 
12.43 48.35 35.43 
26.89 21.32 32.22 
29.44 40.24 23.80 
18.33 47.02 21.33 
35.58 47.97 22.83 
17.72 3.16 45.52 
32.46 15.44 45.06 
6.66 31.74 13.08 
45.29 24.70 30.97 
21.41 37.87 3.43 
50.00 20.84 21.90 
37.48 5.20 2.31 
18.33 6.60 29.36 
17.15 21.16 28.78 
21.47 20.61 7.48 
48.01 13.78 9.40 
3.63 46.48 30.18 
28.10 6.60 17.81 
40.90 50.98 33.40 
17.33 45.96 35.48 
13.79 17.81 41.29 
41.08 5.69 44.36 
39.36 12.82 46.12 
39.89 28.69 41.54 
4.84 23.65 14.56 
34.16 32.38 48.72 
36.95 5.77 38.72 
40.85 10.00 42.35 
4.05 10.30 21.69 
26.64 8.68 20.28 
21.33 22.59 24.39 
20.46 7.50 23.32 
36.05 11.91 8.60 
35.58 8.31 49.82 
23.76 49.22 29.06 
14.21 12.14 23.84 
48.05 34.52 34.77 
15.66 36.64 43.06 
13.97 17.16 22.08 
4.10 32.30 38.64 
47.54 19.67 44.22 
25.58 27.49 50.79 
21.38 28.37 6.46 
12.84 44.43 21.00 
38.13 6.70 42.23 
3.77 30.63 33.39 
12.21 20.76 3.79 
8.08 34.28 26.69 
23.36 41.18 14.05 
49.34 17.80 38.25 
10.27 13.09 43.25 
37.45 15.86 16.41 
43.18 3.29 21.10 
40.88 50.35 27.96 
43.00 12.54 49.77 
7.04 4.68 36.65 
13.15 4.69 44.34 
35.64 27.54 4.58 
24.38 36.04 22.49 
6.50 47.10 24.54 
3.47 25.79 15.24 
24.95 21.42 31.60 
